1	1	1	0.00010	0.0000
1	2	0.995071	0.00158	0
1	3	0.988745	0.00199	0
1	4	0.980844	0.002821	0
1	5	0.971354	0.004134	0
1	6	0.960703	0.005676	0
1	7	0.949361	0.00738	0
1	8	0.937673	0.009188	0
1	9	0.925781	0.011064	0
1	10	0.913799	0.012967	0
1	11	0.901782	0.014892	0
1	12	0.889754	0.016828	0
1	13	0.877727	0.018779	0
1	14	0.865704	0.020741	0
1	15	0.853697	0.022719	0
1	16	0.841679	0.024714	0
1	17	0.829686	0.026717	0
1	18	0.81774	0.028741	0
1	19	0.805771	0.030796	0
1	20	0.793799	0.032857	0
1	21	0.781854	0.034939	0
1	22	0.769889	0.037053	0
1	23	0.757924	0.03918	0
1	24	0.746007	0.041327	0
1	25	0.734077	0.043511	0
1	26	0.722128	0.045716	0
1	27	0.710225	0.047936	0
1	28	0.698325	0.050176	0
1	29	0.686453	0.052417	0
1	30	0.674589	0.054685	0
1	31	0.662687	0.056949	0
1	32	0.650773	0.059221	0
1	33	0.638859	0.06148	0
1	34	0.626934	0.063716	0
1	35	0.615006	0.065934	0
1	36	0.603147	0.068109	0
1	37	0.591292	0.070229	0
1	38	0.57943	0.072307	0
1	39	0.567547	0.074343	0
1	40	0.555676	0.076339	0
1	41	0.543792	0.078282	0
1	42	0.531879	0.080195	0
1	43	0.519984	0.08206	0
1	44	0.508056	0.083885	0
1	45	0.496115	0.085679	0
1	46	0.484187	0.087431	0
1	47	0.472242	0.089147	0
1	48	0.460354	0.090814	0
1	49	0.448446	0.092426	0
1	50	0.436599	0.09399	0
1	51	0.424787	0.095466	0
1	52	0.413003	0.096877	0
1	53	0.40129	0.098182	0
1	54	0.389595	0.099392	0
1	55	0.377963	0.100483	0
1	56	0.366361	0.101453	0
1	57	0.354814	0.102282	0
1	58	0.343266	0.102969	0
1	59	0.331726	0.103514	0
1	60	0.320178	0.103912	0
1	61	0.308593	0.10418	0
1	62	0.297054	0.104309	0
1	63	0.285489	0.10429	0
1	64	0.273928	0.104142	0
1	65	0.262419	0.103851	0
1	66	0.25092	0.103406	0
1	67	0.239441	0.102815	0
1	68	0.228016	0.102074	0
1	69	0.216637	0.101172	0
1	70	0.205318	0.100103	0
1	71	0.194052	0.098861	0
1	72	0.182866	0.097447	0
1	73	0.171792	0.095845	0
1	74	0.160792	0.094042	0
1	75	0.149938	0.092038	0
1	76	0.13917	0.089806	0
1	77	0.128563	0.087366	0
1	78	0.118128	0.084689	0
1	79	0.107876	0.081772	0
1	80	0.097863	0.07861	0
1	81	0.088085	0.075175	0
1	82	0.078586	0.071484	0
1	83	0.069402	0.067515	0
1	84	0.060586	0.063284	0
1	85	0.052175	0.058794	0
1	86	0.044254	0.054063	0
1	87	0.036871	0.049124	0
1	88	0.030107	0.044037	0
1	89	0.024057	0.038898	0
1	90	0.018781	0.033816	0
1	91	0.014332	0.02893	0
1	92	0.010681	0.024359	0
1	93	0.007756	0.020195	0
1	94	0.00546	0.016479	0
1	95	0.00372	0.013151	0
1	96	0.002419	0.010168	0
1	97	0.001446	0.007489	0
1	98	0.000702	0.005102	0
1	99	0.000259	0.002932	0
1	100	0.000038	0.000944	0
1	101	0.000046	-0.000911	0
1	102	0.000385	-0.002855	0
1	103	0.00098	-0.004968	0
1	104	0.001862	-0.007256	0
1	105	0.003065	-0.009755	0
1	106	0.00463	-0.012507	0
1	107	0.006653	-0.015533	0
1	108	0.009224	-0.018871	0
1	109	0.012477	-0.022518	0
1	110	0.016534	-0.026484	0
1	111	0.021456	-0.03074	0
1	112	0.027288	-0.035182	0
1	113	0.03397	-0.039704	0
1	114	0.041417	-0.044177	0
1	115	0.049507	-0.048508	0
1	116	0.058159	-0.052655	0
1	117	0.067244	-0.056572	0
1	118	0.076717	-0.060244	0
1	119	0.08651	-0.063669	0
1	120	0.096591	-0.066865	0
1	121	0.106888	-0.069816	0
1	122	0.117402	-0.072555	0
1	123	0.128085	-0.075067	0
1	124	0.138941	-0.077391	0
1	125	0.149918	-0.07952	0
1	126	0.161017	-0.081472	0
1	127	0.172199	-0.083251	0
1	128	0.183459	-0.084857	0
1	129	0.194835	-0.08631	0
1	130	0.206246	-0.087627	0
1	131	0.217718	-0.088783	0
1	132	0.229267	-0.089822	0
1	133	0.240824	-0.090722	0
1	134	0.252445	-0.091498	0
1	135	0.264104	-0.09216	0
1	136	0.275771	-0.092709	0
1	137	0.287455	-0.093136	0
1	138	0.299179	-0.093459	0
1	139	0.310901	-0.093673	0
1	140	0.322646	-0.093783	0
1	141	0.334386	-0.093785	0
1	142	0.346164	-0.093688	0
1	143	0.357917	-0.093494	0
1	144	0.369702	-0.093194	0
1	145	0.381483	-0.092805	0
1	146	0.393277	-0.092315	0
1	147	0.405087	-0.091739	0
1	148	0.416892	-0.091073	0
1	149	0.428714	-0.090318	0
1	150	0.440534	-0.089484	0
1	151	0.452348	-0.088562	0
1	152	0.464176	-0.087561	0
1	153	0.475993	-0.08648	0
1	154	0.487811	-0.085322	0
1	155	0.499605	-0.084091	0
1	156	0.511354	-0.08278	0
1	157	0.523068	-0.081386	0
1	158	0.534692	-0.079904	0
1	159	0.546245	-0.078317	0
1	160	0.557686	-0.07662	0
1	161	0.569025	-0.074781	0
1	162	0.58032	-0.072781	0
1	163	0.591592	-0.07062	0
1	164	0.60288	-0.068293	0
1	165	0.614212	-0.065812	0
1	166	0.625585	-0.063191	0
1	167	0.63703	-0.060434	0
1	168	0.648597	-0.057558	0
1	169	0.660268	-0.05461	0
1	170	0.671981	-0.051627	0
1	171	0.683701	-0.048657	0
1	172	0.69543	-0.045719	0
1	173	0.707153	-0.042807	0
1	174	0.718795	-0.039964	0
1	175	0.730458	-0.03718	0
1	176	0.742078	-0.034463	0
1	177	0.753726	-0.031815	0
1	178	0.765344	-0.029234	0
1	179	0.77696	-0.02674	0
1	180	0.788585	-0.024315	0
1	181	0.800182	-0.021981	0
1	182	0.811752	-0.019742	0
1	183	0.823301	-0.017617	0
1	184	0.83486	-0.015593	0
1	185	0.846387	-0.013685	0
1	186	0.857897	-0.011903	0
1	187	0.869394	-0.010249	0
1	188	0.88086	-0.008731	0
1	189	0.892291	-0.007367	0
1	190	0.903719	-0.00616	0
1	191	0.91515	-0.005108	0
1	192	0.926586	-0.004214	0
1	193	0.93803	-0.00347	0
1	194	0.949424	-0.002872	0
1	195	0.960662	-0.002393	0
1	196	0.971321	-0.001989	0
1	197	0.980723	-0.001708	0
1	198	0.988627	-0.001544	0
1	199	0.994978	-0.001464	0
1	200	0.99997	-0.000149	0
1	0
